5759	1974	10
0.5989777445793152	6.278411388397217	-0.21519196033477783	0.7546840906143188	0.06488117575645447	1.0	0	0.0	0	0.0	0	0.668906569480896	-0.33337706327438354	-0.6643972992897034	0.7254077196121216	0.09758123755455017	0.6813673973083496	-0.16231954097747803	-0.937730073928833	0.30710703134536743
0.4369073212146759	6.68682336807251	-0.5832927227020264	0.732277512550354	0.026485230773687363	1.0	0	0.0	0	0.0	0	0.668906569480896	-0.33337706327438354	-0.6643972992897034	0.7254077196121216	0.09758123010396957	0.6813673973083496	-0.16231955587863922	-0.937730073928833	0.30710703134536743
0.6386918425559998	6.724969387054443	-0.3992793560028076	0.7571538686752319	0.025503307580947876	1.0	0	0.0	0	0.0	0	0.668906569480896	-0.33337706327438354	-0.6643972992897034	0.7254077792167664	0.09758123010396957	0.6813673973083496	-0.16231955587863922	-0.937730073928833	0.30710703134536743
0.4369073212146759	6.68682336807251	-0.5832927227020264	0.732277512550354	0.026485230773687363	1.0	0	0.0	0	0.0	0	0.6814718842506409	-0.13577044010162354	-0.7191400527954102	0.7312881350517273	0.08802792429924011	0.6763643622398376	-0.028525885194540024	-0.9868218898773193	0.1592758744955063
0.6444531083106995	7.049554347991943	-0.45510005950927734	0.7634236216545105	0.002551064360886812	1.0	0	0.0	0	0.0	0	0.6814718842506409	-0.13577044010162354	-0.7191400527954102	0.7312881350517273	0.08802792429924011	0.6763643622398376	-0.028525881469249725	-0.9868218898773193	0.1592758744955063
0.6386918425559998	6.724969387054443	-0.3992793560028076	0.7571538686752319	0.025503307580947876	1.0	0	0.0	0	0.0	0	0.6814718842506409	-0.13577044010162354	-0.7191400527954102	0.7312881350517273	0.08802792429924011	0.6763643622398376	-0.028525885194540024	-0.9868218898773193	0.1592758744955063
0.4481642544269562	7.054628849029541	-0.6508669853210449	0.7380406260490417	0.6420238614082336	1.0	0	0.0	0	0.0	0	0.6976661682128906	0.17380379140377045	-0.6950209736824036	0.029843460768461227	0.9622340798377991	0.27058279514312744	0.7158011794090271	-0.20951828360557556	0.6661312580108643
0.611750066280365	7.341463565826416	-0.4149298667907715	0.759407103061676	0.6589733958244324	1.0	0	0.0	0	0.0	0	0.6976661682128906	0.17380379140377045	-0.6950209736824036	0.029843458905816078	0.9622340798377991	0.27058279514312744	0.7158011794090271	-0.20951828360557556	0.6661312580108643
0.6444531083106995	7.049554347991943	-0.45510005950927734	0.734606146812439	0.6635487079620361	1.0	0	0.0	0	0.0	0	0.6976661682128906	0.17380379140377045	-0.6950209736824036	0.02984345704317093	0.9622340202331543	0.27058276534080505	0.7158011794090271	-0.20951829850673676	0.6661312580108643
0.4134611189365387	7.3929877281188965	-0.5864980220794678	0.767194926738739	0.6383944749832153	1.0	0	0.0	0	0.0	0	0.6364719867706299	0.5033137798309326	-0.5844472646713257	-0.3830811083316803	0.8639581203460693	0.32684147357940674	0.6694417595863342	0.0158652663230896	0.742695152759552
0.5064297318458557	7.632584095001221	-0.27891838550567627	0.7905360460281372	0.6617607474327087	1.0	0	0.0	0	0.0	0	0.6364719867706299	0.5033137798309326	-0.5844472646713257	-0.3830810785293579	0.8639580607414246	0.32684147357940674	0.6694417595863342	0.015865251421928406	0.7426950931549072
0.611750066280365	7.341463565826416	-0.4149298667907715	0.759407103061676	0.6589733958244324	1.0	0	0.0	0	0.0	0	0.6364719867706299	0.5033137798309326	-0.5844472646713257	-0.3830810785293579	0.8639580607414246	0.32684147357940674	0.6694417595863342	0.015865251421928406	0.7426950931549072
0.4654466509819031	5.810755252838135	0.9788975119590759	0.9323984980583191	0.8565897345542908	1.0	0	0.0	0	0.0	0	0.1379794031381607	-0.3760589361190796	0.9162648916244507	0.989467203617096	0.011449204757809639	-0.1443038135766983	0.04377623647451401	0.9265249967575073	0.37367773056030273
0.00010147363354917616	6.423519134521484	1.300467610359192	0.8877741694450378	0.9177612662315369	1.0	0	0.0	0	0.0	0	0.1379794031381607	-0.3760589361190796	0.9162648916244507	0.989467203617096	0.011449200101196766	-0.1443038135766983	0.043776240199804306	0.9265249967575073	0.37367773056030273
0.0003183652588631958	5.600996971130371	0.9628504514694214	0.888669490814209	0.8363648056983948	1.0	0	0.0	0	0.0	0	0.1379794031381607	-0.3760589361190796	0.9162648916244507	0.989467203617096	0.011449203826487064	-0.1443038135766983	0.04377623647451401	0.9265249967575073	0.37367773056030273
0.6184443235397339	6.311609745025635	0.7457401752471924	0.7176873683929443	0.7911829948425293	1.0	0	0.0	0	0.0	0	0.8340502977371216	0.0020396201871335506	0.5516846179962158	-0.20681963860988617	0.9282211065292358	0.30924326181411743	-0.5114545822143555	-0.37202364206314087	0.7746049165725708
0.3637291193008423	6.60808801651001	1.1297287940979004	0.7639489769935608	0.8135416507720947	1.0	0	0.0	0	0.0	0	0.8340502977371216	0.0020396201871335506	0.5516846179962158	-0.20681960880756378	0.9282209873199463	0.30924326181411743	-0.5114545822143555	-0.37202367186546326	0.7746049165725708
0.4654466509819031	5.810755252838135	0.9788975119590759	0.694342851638794	0.8225415349006653	1.0	0	0.0	0	0.0	0	0.8340502977371216	0.0020396201871335506	0.5516846179962158	-0.20681962370872498	0.9282209873199463	0.3092432916164398	-0.5114545822143555	-0.37202370166778564	0.7746049165725708
0.3637291193008423	6.60808801651001	1.1297287940979004	0.6426704525947571	0.8887617588043213	1.0	0	0.0	0	0.0	0	0.34994277358055115	0.1637900024652481	0.922340989112854	-0.0086038364097476	0.9851163625717163	-0.17167335748672485	-0.9367315769195557	0.05214017629623413	0.34614357352256775
0.0001686993782641366	7.012654781341553	1.1958229541778564	0.6810991764068604	0.9238078594207764	1.0	0	0.0	0	0.0	0	0.34994277358055115	0.1637900024652481	0.922340989112854	-0.0086038364097476	0.9851163625717163	-0.17167335748672485	-0.9367315769195557	0.05214017629623413	0.34614357352256775
0.00010147363354917616	6.423519134521484	1.300467610359192	0.6266297101974487	0.9243152737617493	1.0	0	0.0	0	0.0	0	0.34994277358055115	0.1637900024652481	0.922340989112854	-0.008603827096521854	0.9851163625717163	-0.17167335748672485	-0.9367315769195557	0.052140187472105026	0.34614357352256775
0.8160530924797058	6.860252857208252	0.5786222219467163	0.9127378463745117	0.4189741015434265	1.0	0	0.0	0	0.0	0	0.8001644015312195	-0.19787193834781647	0.5662011504173279	0.3022865653038025	-0.6823060512542725	-0.665643572807312	0.5180345773696899	0.7037792205810547	-0.48614293336868286
0.4950791895389557	7.048961162567139	1.0981760025024414	0.880193293094635	0.3981174826622009	1.0	0	0.0	0	0.0	0	0.8001644015312195	-0.19787193834781647	0.5662011504173279	0.3022865653038025	-0.6823059916496277	-0.665643572807312	0.5180345773696899	0.7037792801856995	-0.4861428737640381
0.3637291193008423	6.60808801651001	1.1297287940979004	0.9127379059791565	0.3694141209125519	1.0	0	0.0	0	0.0	0	0.8001644015312195	-0.19787193834781647	0.5662011504173279	0.3022865653038025	-0.6823059916496277	-0.6656436324119568	0.5180345773696899	0.7037792801856995	-0.4861428737640381
0.0001686993782641366	7.012654781341553	1.1958229541778564	0.44719570875167847	0.9217220544815063	1.0	0	0.0	0	0.0	0	0.04694782942533493	-0.1819412112236023	0.9821880459785461	0.003525152802467346	0.9832963347434998	0.1819780021905899	-0.9988911151885986	-0.005081108305603266	0.0468049980700016
0.48126938939094543	7.339820384979248	1.233431100845337	0.4781513512134552	0.8755287528038025	1.0	0	0.0	0	0.0	0	0.04694782942533493	-0.1819412112236023	0.9821880459785461	0.003525152802467346	0.983296275138855	0.1819780021905899	-0.9988911747932434	-0.005081108771264553	0.0468049980700016
0.00013181185931898654	7.32261848449707	1.2532426118850708	0.47668734192848206	0.9218325614929199	1.0	0	0.0	0	0.0	0	0.04694782942533493	-0.1819412112236023	0.9821880459785461	0.0035251525696367025	0.983296275138855	0.1819780021905899	-0.9988911747932434	-0.005081108771264553	0.0468049980700016
0.4950791895389557	7.048961162567139	1.0981760025024414	0.732277512550354	0.42770713567733765	1.0	0	0.0	0	0.0	0	0.7118937373161316	-0.26805242896080017	0.6491188406944275	-0.06176672875881195	0.8968127965927124	0.43807724118232727	-0.6995657086372375	-0.35195839405059814	0.6218786835670471
0.8247143030166626	7.396276950836182	0.8800860047340393	0.760596513748169	0.3928019404411316	1.0	0	0.0	0	0.0	0	0.7118937373161316	-0.26805242896080017	0.6491188406944275	-0.06176672875881195	0.8968127369880676	0.4380772113800049	-0.6995657086372375	-0.35195839405059814	0.6218786835670471
0.48126938939094543	7.339820384979248	1.233431100845337	0.760596513748169	0.4270927906036377	1.0	0	0.0	0	0.0	0	0.7118937373161316	-0.26805242896080017	0.6491188406944275	-0.06176671385765076	0.8968128561973572	0.43807724118232727	-0.6995657086372375	-0.35195833444595337	0.6218786835670471
0.00013181185931898654	7.32261848449707	1.2532426118850708	0.8264390230178833	0.08037976920604706	1.0	0	0.0	0	0.0	0	0.20142221450805664	-0.048078324645757675	0.9783238768577576	0.019638674333691597	0.9987920522689819	0.04504089429974556	-0.9793075919151306	0.010140746831893921	0.20212310552597046
0.4067085385322571	7.684681415557861	1.1873276233673096	0.8606963157653809	0.04171910881996155	1.0	0	0.0	0	0.0	0	0.20142221450805664	-0.048078324645757675	0.9783238768577576	0.019638672471046448	0.9987920522689819	0.04504089802503586	-0.9793075919151306	0.010140744037926197	0.20212310552597046
0.00012021878501400352	7.689780235290527	1.2712886333465576	0.8609956502914429	0.08107959479093552	1.0	0	0.0	0	0.0	0	0.20142221450805664	-0.048078324645757675	0.9783238768577576	0.019638672471046448	0.9987921118736267	0.04504089802503586	-0.9793076515197754	0.010140744037926197	0.20212312042713165
0.48126938939094543	7.339820384979248	1.233431100845337	0.8288472294807434	0.03411724045872688	1.0	0	0.0	0	0.0	0	0.620592474937439	0.23421838879585266	0.7483360171318054	0.00628973264247179	0.9528303742408752	-0.3034382164478302	-0.78410804271698	0.19301828742027283	0.589846134185791
0.745055079460144	7.65111780166626	0.9172429442405701	0.8562287092208862	0.008223013021051884	1.0	0	0.0	0	0.0	0	0.620592474937439	0.23421838879585266	0.7483360171318054	0.006289713084697723	0.9528303146362305	-0.3034381866455078	-0.7841081619262695	0.19301830232143402	0.5898461937904358
0.4067085385322571	7.684681415557861	1.1873276233673096	0.8606963157653809	0.04171910881996155	1.0	0	0.0	0	0.0	0	0.620592474937439	0.23421838879585266	0.7483360171318054	0.006289723329246044	0.9528303742408752	-0.3034382164478302	-0.78410804271698	0.19301828742027283	0.589846134185791
0.8077201247215271	6.2706475257873535	0.3822600841522217	0.6943965554237366	0.7628076076507568	1.0	0	0.0	0	0.0	0	0.8662991523742676	-0.16881714761257172	0.4701346457004547	0.042031414806842804	0.962459146976471	0.2681525945663452	-0.49775412678718567	-0.212539941072464	0.8408731818199158
0.8160530924797058	6.860252857208252	0.5786222219467163	0.7446162104606628	0.7653940320014954	1.0	0	0.0	0	0.0	0	0.8662991523742676	-0.16881714761257172	0.4701346457004547	0.042031414806842804	0.9624592065811157	0.2681525945663452	-0.4977540969848633	-0.2125399112701416	0.840873122215271
0.6184443235397339	6.311609745025635	0.7457401752471924	0.7176873683929443	0.7911829948425293	1.0	0	0.0	0	0.0	0	0.8662991523742676	-0.16881714761257172	0.4701346457004547	0.042031429708004	0.962459146976471	0.2681525945663452	-0.49775412678718567	-0.212539941072464	0.8408731818199158
0.81838059425354	6.248498439788818	0.19848334789276123	0.7950274348258972	0.0806274265050888	1.0	0	0.0	0	0.0	0	0.9489458203315735	-0.30189773440361023	0.09143141657114029	0.13084743916988373	0.6404747366905212	0.7567504048347473	-0.2870207130908966	-0.70615154504776	0.6472783088684082
0.9924155473709106	6.816215991973877	0.26676273345947266	0.8264390230178833	0.04250046983361244	1.0	0	0.0	0	0.0	0	0.9489458203315735	-0.30189773440361023	0.09143141657114029	0.13084740936756134	0.6404746770858765	0.7567503452301025	-0.2870207130908966	-0.7061514854431152	0.6472782492637634
0.8077201247215271	6.2706475257873535	0.3822600841522217	0.8085010051727295	0.09060088545084	1.0	0	0.0	0	0.0	0	0.9489458203315735	-0.30189773440361023	0.09143141657114029	0.13084743916988373	0.6404747366905212	0.7567504048347473	-0.2870207130908966	-0.70615154504776	0.6472783088684082
0.81838059425354	6.248498439788818	0.19848334789276123	0.7950274348258972	0.0806274265050888	1.0	0	0.0	0	0.0	0	0.8211219310760498	-0.3565807044506073	-0.4456556737422943	0.5551500916481018	0.31765255331993103	0.7687036991119385	-0.132541224360466	-0.8786052465438843	0.45878729224205017
0.818238377571106	6.695483684539795	-0.15942323207855225	0.7828536033630371	0.03289255499839783	1.0	0	0.0	0	0.0	0	0.8211219310760498	-0.3565807044506073	-0.4456556737422943	0.5551500916481018	0.31765252351760864	0.7687036395072937	-0.1325412392616272	-0.8786051869392395	0.4587872624397278
0.9686430096626282	6.762471675872803	0.06409895420074463	0.8088536858558655	0.034928977489471436	1.0	0	0.0	0	0.0	0	0.8211219310760498	-0.3565807044506073	-0.4456556737422943	0.5551500916481018	0.31765255331993103	0.7687036991119385	-0.132541224360466	-0.8786052465438843	0.45878729224205017
0.5989777445793152	6.278411388397217	-0.21519196033477783	0.7546840906143188	0.06488117575645447	1.0	0	0.0	0	0.0	0	0.7717829942703247	-0.3333277404308319	-0.5415196418762207	0.6246750354766846	0.23822616040706635	0.7436594367027283	-0.11887817084789276	-0.9122176170349121	0.39208048582077026
0.818238377571106	6.695483684539795	-0.15942323207855225	0.7828536033630371	0.03289255499839783	1.0	0	0.0	0	0.0	0	0.7717829942703247	-0.3333277404308319	-0.5415196418762207	0.6246750354766846	0.23822620511054993	0.743659496307373	-0.11887817084789276	-0.9122176170349121	0.3920804560184479
0.7249857783317566	6.195720195770264	0.015296697616577148	0.7753159999847412	0.07742371410131454	1.0	0	0.0	0	0.0	0	0.7717829942703247	-0.3333277404308319	-0.5415196418762207	0.6246750354766846	0.23822622001171112	0.7436594367027283	-0.11887815594673157	-0.9122176170349121	0.39208051562309265
0.8160530924797058	6.860252857208252	0.5786222219467163	0.7446162104606628	0.7653940320014954	1.0	0	0.0	0	0.0	0	0.9116405844688416	-0.2600575089454651	0.3182474672794342	0.1897948533296585	0.9532232880592346	0.23525147140026093	-0.36453983187675476	-0.15406306087970734	0.9183546304702759
0.9900604486465454	7.122504711151123	0.2944672107696533	0.7473882436752319	0.7360222935676575	1.0	0	0.0	0	0.0	0	0.9116405844688416	-0.2600575089454651	0.3182474672794342	0.1897948682308197	0.9532233476638794	0.23525147140026093	-0.36453983187675476	-0.15406306087970734	0.9183546900749207
0.8448758125305176	7.137912273406982	0.722948431968689	0.7687231302261353	0.7717756628990173	1.0	0	0.0	0	0.0	0	0.9116405844688416	-0.2600575089454651	0.3182474672794342	0.1897948682308197	0.9532233476638794	0.23525148630142212	-0.36453983187675476	-0.15406306087970734	0.9183546900749207
0.9686430096626282	6.762471675872803	0.06409895420074463	0.7147693634033203	0.4289519190788269	1.0	0	0.0	0	0.0	0	0.14350062608718872	-0.9606267809867859	0.2379155308008194	-0.9855123162269592	-0.1606707125902176	-0.054317373782396317	0.09040477871894836	-0.22667410969734192	-0.969765841960907
1.084867000579834	6.825303554534912	0.24769258499145508	0.7068732976913452	0.4126765727996826	1.0	0	0.0	0	0.0	0	0.14350062608718872	-0.9606267809867859	0.2379155308008194	-0.985512375831604	-0.1606707125902176	-0.05431738123297691	0.09040478616952896	-0.2266741245985031	-0.9697659015655518
0.9924155473709106	6.816215991973877	0.26676273345947266	0.7147693634033203	0.4104568660259247	1.0	0	0.0	0	0.0	0	0.14350062608718872	-0.9606267809867859	0.2379155308008194	-0.9855123162269592	-0.1606707125902176	-0.05431736633181572	0.09040477871894836	-0.22667410969734192	-0.969765841960907
0.818238377571106	6.695483684539795	-0.15942323207855225	0.7090213894844055	0.7028133869171143	1.0	0	0.0	0	0.0	0	0.8315179347991943	-0.013993582688272	-0.5553217530250549	0.17549806833267212	0.9550994038581848	0.23871660232543945	0.5270469784736633	-0.29595503211021423	0.7966381311416626
0.9422445297241211	7.089809894561768	0.01632225513458252	0.7384635210037231	0.7107685208320618	1.0	0	0.0	0	0.0	0	0.8315179347991943	-0.013993582688272	-0.5553217530250549	0.1754980832338333	0.9550994634628296	0.23871661722660065	0.5270469784736633	-0.29595503211021423	0.7966380715370178
0.9686430096626282	6.762471675872803	0.06409895420074463	0.7140332460403442	0.7241244316101074	1.0	0	0.0	0	0.0	0	0.8315179347991943	-0.013993582688272	-0.5553217530250549	0.17549806833267212	0.9550994634628296	0.23871661722660065	0.5270469784736633	-0.29595500230789185	0.7966380715370178
0.6386918425559998	6.724969387054443	-0.3992793560028076	0.7571538686752319	0.025503307580947876	1.0	0	0.0	0	0.0	0	0.7949095368385315	-0.06590120494365692	-0.603138267993927	0.5958016514778137	0.27259334921836853	0.7554556727409363	0.11462603509426117	-0.9598696827888489	0.2559511065483093
0.7907844185829163	7.05668306350708	-0.23507237434387207	0.7871124744415283	0.00815238431096077	1.0	0	0.0	0	0.0	0	0.7949095368385315	-0.06590120494365692	-0.603138267993927	0.5958016514778137	0.27259331941604614	0.7554556727409363	0.11462602019309998	-0.9598696827888489	0.25595107674598694
0.818238377571106	6.695483684539795	-0.15942323207855225	0.7828536033630371	0.03289255499839783	1.0	0	0.0	0	0.0	0	0.7949095368385315	-0.06590120494365692	-0.603138267993927	0.5958016514778137	0.27259331941604614	0.7554556727409363	0.11462602019309998	-0.9598696827888489	0.25595107674598694
0.8448758125305176	7.137912273406982	0.722948431968689	0.7687231302261353	0.7717756628990173	1.0	0	0.0	0	0.0	0	0.9479762315750122	-0.1081288605928421	0.2994147539138794	0.023905642330646515	0.9620711803436279	0.2717490494251251	-0.31744223833084106	-0.250453919172287	0.9146054983139038
0.9837865233421326	7.441595554351807	0.392814040184021	0.7748229503631592	0.736503541469574	1.0	0	0.0	0	0.0	0	0.9479762315750122	-0.1081288605928421	0.2994147539138794	0.023905642330646515	0.9620711803436279	0.2717490494251251	-0.31744223833084106	-0.250453919172287	0.9146054983139038
0.8247143030166626	7.396276950836182	0.8800860047340393	0.7940634489059448	0.7789129018783569	1.0	0	0.0	0	0.0	0	0.9479762315750122	-0.1081288605928421	0.2994147539138794	0.023905636742711067	0.9620711803436279	0.2717490792274475	-0.31744223833084106	-0.2504539489746094	0.9146054983139038
0.9837865233421326	7.441595554351807	0.392814040184021	0.7266710996627808	0.2866445481777191	1.0	0	0.0	0	0.0	0	0.22037597000598907	-0.2833370864391327	0.9333565831184387	-0.9749630093574524	-0.03485529124736786	0.2196187674999237	-0.02969372272491455	-0.9583868384361267	-0.2839244604110718
1.0825121402740479	7.131593227386475	0.27539706230163574	0.7176237106323242	0.31741684675216675	1.0	0	0.0	0	0.0	0	0.22037597000598907	-0.2833370864391327	0.9333565831184387	-0.9749629497528076	-0.03485529124736786	0.2196187674999237	-0.02969372645020485	-0.9583867788314819	-0.2839244306087494
1.0762380361557007	7.450683116912842	0.3737438917160034	0.717904806137085	0.28607702255249023	1.0	0	0.0	0	0.0	0	0.22037597000598907	-0.2833370864391327	0.9333565831184387	-0.9749629497528076	-0.03485528752207756	0.2196187674999237	-0.029693730175495148	-0.9583867788314819	-0.2839244306087494
0.9422445297241211	7.089809894561768	0.01632225513458252	0.7384635210037231	0.7107685208320618	1.0	0	0.0	0	0.0	0	0.8209834694862366	0.1905195713043213	-0.5382272005081177	-0.036796893924474716	0.9583797454833984	0.2831154763698578	0.569765031337738	-0.21262800693511963	0.7938243746757507
0.7299685478210449	7.389119625091553	-0.20152390003204346	0.7641482949256897	0.6792739629745483	1.0	0	0.0	0	0.0	0	0.8209834694862366	0.1905195713043213	-0.5382272005081177	-0.03679689019918442	0.9583796858787537	0.2831154763698578	0.569765031337738	-0.21262803673744202	0.7938243746757507
0.87525475025177	7.417713642120361	0.030209660530090332	0.7667599320411682	0.7022354602813721	1.0	0	0.0	0	0.0	0	0.8209834694862366	0.1905195713043213	-0.5382272005081177	-0.03679689019918442	0.9583796858787537	0.2831154763698578	0.569765031337738	-0.21262803673744202	0.7938243746757507
0.7907844185829163	7.05668306350708	-0.23507237434387207	0.7351840138435364	0.6860279440879822	1.0	0	0.0	0	0.0	0	0.836238443851471	0.20433522760868073	-0.5088735818862915	-0.05897868424654007	0.9561129212379456	0.2870011627674103	0.5451850891113281	-0.20998871326446533	0.811589777469635
0.611750066280365	7.341463565826416	-0.4149298667907715	0.759407103061676	0.6589733958244324	1.0	0	0.0	0	0.0	0	0.836238443851471	0.20433522760868073	-0.5088735818862915	-0.05897868424654007	0.9561129212379456	0.2870011627674103	0.5451850891113281	-0.20998871326446533	0.811589777469635
0.7299685478210449	7.389119625091553	-0.20152390003204346	0.7641482949256897	0.6792739629745483	1.0	0	0.0	0	0.0	0	0.836238443851471	0.20433522760868073	-0.5088735818862915	-0.05897868424654007	0.9561129212379456	0.2870011627674103	0.5451850891113281	-0.20998871326446533	0.811589777469635
0.8247143030166626	7.396276950836182	0.8800860047340393	0.7940634489059448	0.7789129018783569	1.0	0	0.0	0	0.0	0	0.9436081647872925	0.26627305150032043	0.19672909379005432	-0.3186603784561157	0.8916380405426025	0.3216167390346527	-0.0897732675075531	-0.36616992950439453	0.9262076020240784
0.8210991621017456	7.755347728729248	0.41142332553863525	0.8066699504852295	0.726991593837738	1.0	0	0.0	0	0.0	0	0.9436081647872925	0.26627305150032043	0.19672909379005432	-0.3186603784561157	0.8916379809379578	0.3216167092323303	-0.0897732749581337	-0.36616992950439453	0.9262075424194336
0.745055079460144	7.65111780166626	0.9172429442405701	0.8181679248809814	0.7741593718528748	1.0	0	0.0	0	0.0	0	0.9436081647872925	0.26627305150032043	0.19672909379005432	-0.3186603784561157	0.8916380405426025	0.3216167092323303	-0.0897732749581337	-0.36616989970207214	0.9262076020240784
0.9837865233421326	7.441595554351807	0.392814040184021	0.7748229503631592	0.736503541469574	1.0	0	0.0	0	0.0	0	0.8415989279747009	0.45376208424568176	-0.29293549060821533	-0.35866329073905945	0.8750505447387695	0.32503435015678406	0.4038216471672058	-0.16848336160182953	0.8991894125938416
0.711776614189148	7.761111736297607	0.1062699556350708	0.8026753664016724	0.6971449255943298	1.0	0	0.0	0	0.0	0	0.8415989279747009	0.45376208424568176	-0.29293549060821533	-0.35866329073905945	0.8750505447387695	0.32503435015678406	0.4038216471672058	-0.16848336160182953	0.8991894125938416
0.8210991621017456	7.755347728729248	0.41142332553863525	0.8066699504852295	0.726991593837738	1.0	0	0.0	0	0.0	0	0.8415989279747009	0.45376208424568176	-0.29293549060821533	-0.35866326093673706	0.8750504851341248	0.32503435015678406	0.4038216173648834	-0.16848337650299072	0.8991893529891968
0.87525475025177	7.417713642120361	0.030209660530090332	0.7667599320411682	0.7022354602813721	1.0	0	0.0	0	0.0	0	0.7225047945976257	0.458558052778244	-0.5174082517623901	-0.33150824904441833	0.8865214586257935	0.3227725923061371	0.6067034602165222	-0.06167963892221451	0.7925317883491516
0.5937322378158569	7.727619647979736	-0.08824896812438965	0.799584686756134	0.6781907677650452	1.0	0	0.0	0	0.0	0	0.7225047945976257	0.458558052778244	-0.5174082517623901	-0.3315082788467407	0.8865214586257935	0.3227725625038147	0.6067034602165222	-0.06167960911989212	0.7925318479537964
0.711776614189148	7.761111736297607	0.1062699556350708	0.8026753664016724	0.6971449255943298	1.0	0	0.0	0	0.0	0	0.7225047945976257	0.458558052778244	-0.5174082517623901	-0.3315082788467407	0.8865213990211487	0.3227725625038147	0.6067034006118774	-0.06167960166931152	0.7925317883491516
0.7299685478210449	7.389119625091553	-0.20152390003204346	0.7641482949256897	0.6792739629745483	1.0	0	0.0	0	0.0	0	0.6951549649238586	0.463621586561203	-0.5493765473365784	-0.3349783718585968	0.8851044774055481	0.32307833433151245	0.6360417008399963	-0.04056024178862572	0.7705879211425781
0.5064297318458557	7.632584095001221	-0.27891838550567627	0.7905360460281372	0.6617607474327087	1.0	0	0.0	0	0.0	0	0.6951549649238586	0.463621586561203	-0.5493765473365784	-0.3349783718585968	0.8851044774055481	0.32307836413383484	0.6360417008399963	-0.04056025668978691	0.7705879211425781
0.5937322378158569	7.727619647979736	-0.08824896812438965	0.799584686756134	0.6781907677650452	1.0	0	0.0	0	0.0	0	0.6951549649238586	0.463621586561203	-0.5493765473365784	-0.3349783718585968	0.8851045370101929	0.32307836413383484	0.6360417604446411	-0.04056026414036751	0.7705880403518677
0.6184443235397339	6.311609745025635	0.7457401752471924	0.8264390230178833	0.11842411756515503	1.0	0	0.0	0	0.0	0	0.8319904208183289	-0.2995089590549469	0.46699726581573486	-0.10756538808345795	0.7386969923973083	0.6653994917869568	-0.5442625880241394	-0.6038386821746826	0.5823720097541809
0.45653995871543884	5.69849157333374	0.6409611701965332	0.7915984392166138	0.1565491408109665	1.0	0	0.0	0	0.0	0	0.8319904208183289	-0.2995089590549469	0.46699726581573486	-0.10756539553403854	0.7386969327926636	0.6653994917869568	-0.5442625284194946	-0.6038387417793274	0.5823719501495361
0.8077201247215271	6.2706475257873535	0.3822600841522217	0.8085010051727295	0.09060088545084	1.0	0	0.0	0	0.0	0	0.8319904208183289	-0.2995089590549469	0.46699726581573486	-0.10756538808345795	0.7386969923973083	0.6653994917869568	-0.5442625880241394	-0.6038386821746826	0.5823720097541809
0.8077201247215271	6.2706475257873535	0.3822600841522217	0.8085010051727295	0.09060088545084	1.0	0	0.0	0	0.0	0	0.8003648519515991	-0.5879287123680115	0.11728554219007492	0.28654956817626953	0.5469993948936462	0.7865628004074097	-0.5265979766845703	-0.5959290862083435	0.6062698364257812
0.447277694940567	5.779358386993408	0.37921178340911865	0.7746269702911377	0.13677683472633362	1.0	0	0.0	0	0.0	0	0.8003648519515991	-0.5879287123680115	0.11728554219007492	0.28654956817626953	0.5469993948936462	0.7865628004074097	-0.5265979766845703	-0.5959290862083435	0.6062698364257812
0.81838059425354	6.248498439788818	0.19848334789276123	0.7950274348258972	0.0806274265050888	1.0	0	0.0	0	0.0	0	0.8003648519515991	-0.5879287123680115	0.11728554219007492	0.28654953837394714	0.5469993948936462	0.7865628004074097	-0.5265979766845703	-0.5959290862083435	0.6062697768211365
0.45653995871543884	5.69849157333374	0.6409611701965332	0.7861788868904114	0.9066539406776428	1.0	0	0.0	0	0.0	0	0.6764865517616272	-0.023292185738682747	0.7360865473747253	0.6584738492965698	0.466747909784317	-0.5903885960578918	-0.32981541752815247	0.88408362865448	0.3310859799385071
0.5610511898994446	4.843681812286377	0.5178630948066711	0.7927623987197876	0.8309928774833679	0.5	2	0.5	0	0.0	0	0.6764865517616272	-0.023292185738682747	0.7360865473747253	0.658473789691925	0.46674787998199463	-0.5903885960578918	-0.3298153877258301	0.88408362865448	0.3310859501361847
0.7205494046211243	4.893647193908691	0.372860312461853	0.8057446479797363	0.8258538246154785	0.5	2	0.5	0	0.0	0	0.6764865517616272	-0.023292185738682747	0.7360865473747253	0.6584738492965698	0.466747909784317	-0.5903885960578918	-0.32981541752815247	0.88408362865448	0.3310859799385071
0.81838059425354	6.248498439788818	0.19848334789276123	0.7950274348258972	0.0806274265050888	1.0	0	0.0	0	0.0	0	0.7822611927986145	-0.5780220627784729	-0.2322884052991867	0.504537045955658	0.3691568672657013	0.7804906368255615	-0.36538994312286377	-0.7277456521987915	0.5804105997085571
0.4594641923904419	5.818358898162842	0.060137152671813965	0.7533021569252014	0.11512887477874756	1.0	0	0.0	0	0.0	0	0.7822611927986145	-0.5780220627784729	-0.2322884052991867	0.504537045955658	0.3691568672657013	0.7804906368255615	-0.36538994312286377	-0.7277456521987915	0.5804105997085571
0.7249857783317566	6.195720195770264	0.015296697616577148	0.7753159999847412	0.07742371410131454	1.0	0	0.0	0	0.0	0	0.7822611927986145	-0.5780220627784729	-0.2322884052991867	0.504537045955658	0.3691568970680237	0.7804905772209167	-0.365389883518219	-0.7277455925941467	0.5804106593132019
0.447277694940567	5.779358386993408	0.37921178340911865	0.811187744140625	0.9117536544799805	1.0	0	0.0	0	0.0	0	0.9028750658035278	0.3715023696422577	0.21633939445018768	0.155817911028862	0.18621963262557983	-0.9700736999511719	-0.4006713330745697	0.9095649123191833	0.11024633049964905
0.8346496820449829	4.939791202545166	0.2042677402496338	0.8211669921875	0.8225415349006653	0.5	2	0.5	0	0.0	0	0.9028750658035278	0.3715023696422577	0.21633939445018768	0.1558179259300232	0.18621963262557983	-0.9700737595558167	-0.4006713628768921	0.9095649123191833	0.11024633049964905
0.8552057147026062	5.012862682342529	-0.007001042366027832	0.8412397503852844	0.8258637189865112	0.5	2	0.5	0	0.0	0	0.9028750658035278	0.3715023696422577	0.21633939445018768	0.155817911028862	0.18621964752674103	-0.9700736999511719	-0.4006713628768921	0.9095648527145386	0.11024634540081024
0.7249857783317566	6.195720195770264	0.015296697616577148	0.7753159999847412	0.07742371410131454	1.0	0	0.0	0	0.0	0	0.5662448406219482	-0.627327024936676	-0.5346285700798035	0.7326151728630066	0.08584725856781006	0.6752075552940369	-0.37767958641052246	-0.7740098237991333	0.5081998705863953
0.3938112258911133	6.151325702667236	-0.2833704948425293	0.7352930903434753	0.07814284414052963	1.0	0	0.0	0	0.0	0	0.5662448406219482	-0.627327024936676	-0.5346285700798035	0.7326151728630066	0.08584724366664886	0.6752076148986816	-0.3776795566082001	-0.7740097641944885	0.5081998109817505
0.5989777445793152	6.278411388397217	-0.21519196033477783	0.7546840906143188	0.06488117575645447	1.0	0	0.0	0	0.0	0	0.5662448406219482	-0.627327024936676	-0.5346285700798035	0.7326151728630066	0.08584724366664886	0.6752076148986816	-0.3776795566082001	-0.7740097641944885	0.5081998109817505
0.2992967367172241	7.730513095855713	-0.34594953060150146	0.8055040240287781	0.6492860317230225	1.0	0	0.0	0	0.0	0	0.4953228533267975	0.6654161214828491	-0.5584592819213867	-0.6016135811805725	0.7265031337738037	0.33204564452171326	0.6266709566116333	0.17150689661502838	0.7601770162582397
0.5937322378158569	7.727619647979736	-0.08824896812438965	0.799584686756134	0.6781907677650452	1.0	0	0.0	0	0.0	0	0.4953228533267975	0.6654161214828491	-0.5584592819213867	-0.6016135811805725	0.7265031337738037	0.33204564452171326	0.6266709566116333	0.17150689661502838	0.7601770162582397
0.5064297318458557	7.632584095001221	-0.27891838550567627	0.7905360460281372	0.6617607474327087	1.0	0	0.0	0	0.0	0	0.4953228533267975	0.6654161214828491	-0.5584592819213867	-0.6016135811805725	0.7265031337738037	0.33204564452171326	0.6266708970069885	0.1715068817138672	0.760176956653595
0.34343597292900085	7.930874347686768	-0.020575881004333496	0.8287230730056763	0.6743823289871216	1.0	0	0.0	0	0.0	0	0.4958626329898834	0.7540414333343506	-0.43074584007263184	-0.6932256817817688	0.6424570679664612	0.32663002610206604	0.5230281949043274	0.13664042949676514	0.8412912487983704
0.711776614189148	7.761111736297607	0.1062699556350708	0.8026753664016724	0.6971449255943298	1.0	0	0.0	0	0.0	0	0.4958626329898834	0.7540414333343506	-0.43074584007263184	-0.693225622177124	0.6424570083618164	0.32663002610206604	0.5230282545089722	0.13664041459560394	0.8412911891937256
0.5937322378158569	7.727619647979736	-0.08824896812438965	0.799584686756134	0.6781907677650452	1.0	0	0.0	0	0.0	0	0.4958626329898834	0.7540414333343506	-0.43074584007263184	-0.693225622177124	0.6424570679664612	0.32663002610206604	0.5230282545089722	0.13664041459560394	0.8412912487983704
0.420562744140625	7.986947536468506	0.25031590461730957	0.8378152251243591	0.6989129185676575	1.0	0	0.0	0	0.0	0	0.5456552505493164	0.8184446692466736	-0.1800239235162735	-0.7545673847198486	0.5733014941215515	0.3193016052246094	0.36453866958618164	-0.038388416171073914	0.9303966164588928
0.8210991621017456	7.755347728729248	0.41142332553863525	0.8066699504852295	0.726991593837738	1.0	0	0.0	0	0.0	0	0.5456552505493164	0.8184446692466736	-0.1800239235162735	-0.7545672655105591	0.5733014941215515	0.319301575422287	0.36453869938850403	-0.038388416171073914	0.9303966760635376
0.711776614189148	7.761111736297607	0.1062699556350708	0.8026753664016724	0.6971449255943298	1.0	0	0.0	0	0.0	0	0.5456552505493164	0.8184446692466736	-0.1800239235162735	-0.7545673847198486	0.5733014941215515	0.3193016052246094	0.36453866958618164	-0.038388416171073914	0.9303966164588928
0.4067085385322571	7.684681415557861	1.1873276233673096	0.8606963157653809	0.04171910881996155	1.0	0	0.0	0	0.0	0	0.19841215014457703	-0.14356933534145355	0.9695464968681335	0.022951068356633186	0.9896227121353149	0.14184540510177612	-0.9798499941825867	-0.005891724489629269	0.19964826107025146
5.570228677242994e-05	8.36789321899414	1.371716022491455	0.9253110289573669	0.08260783553123474	1.0	0	0.0	0	0.0	0	0.19841215014457703	-0.14356933534145355	0.9695464968681335	0.022951068356633186	0.9896227121353149	0.14184540510177612	-0.9798499941825867	-0.005891724489629269	0.19964826107025146
0.00012021878501400352	7.689780235290527	1.2712886333465576	0.8609956502914429	0.08107959479093552	1.0	0	0.0	0	0.0	0	0.19841215014457703	-0.14356933534145355	0.9695464968681335	0.022951070219278336	0.9896227717399597	0.14184542000293732	-0.9798499345779419	-0.005891724489629269	0.19964824616909027
0.4490664005279541	7.933688640594482	0.6496407985687256	0.8449457287788391	0.7370363473892212	1.0	0	0.0	0	0.0	0	0.542923092842102	0.8026324510574341	0.24701376259326935	-0.8298543095588684	0.46767526865005493	0.3043382465839386	0.12874948978424072	-0.3702176511287689	0.9199795722961426
0.745055079460144	7.65111780166626	0.9172429442405701	0.8181679248809814	0.7741593718528748	1.0	0	0.0	0	0.0	0	0.542923092842102	0.8026324510574341	0.24701376259326935	-0.8298543095588684	0.46767526865005493	0.3043382465839386	0.12874948978424072	-0.3702176511287689	0.9199795722961426
0.8210991621017456	7.755347728729248	0.41142332553863525	0.8066699504852295	0.726991593837738	1.0	0	0.0	0	0.0	0	0.542923092842102	0.8026324510574341	0.24701376259326935	-0.8298543095588684	0.46767526865005493	0.3043382465839386	0.12874948978424072	-0.3702176511287689	0.9199795722961426
0.420562744140625	7.986947536468506	0.25031590461730957	0.9501101970672607	0.7322757244110107	1.0	0	0.0	0	0.0	0	0.9528869986534119	-0.19719146192073822	-0.23048217594623566	-0.24095353484153748	-0.9536464810371399	-0.18027661740779877	-0.18424952030181885	0.22731873393058777	-0.9562312960624695
0.5076372623443604	8.608880996704102	0.0782080888748169	0.9062528610229492	0.759877622127533	1.0	0	0.0	0	0.0	0	0.9528869986534119	-0.19719146192073822	-0.23048217594623566	-0.24095354974269867	-0.9536466002464294	-0.18027661740779877	-0.18424950540065765	0.22731871902942657	-0.9562312960624695
0.5847640037536621	8.664955139160156	0.34909987449645996	0.8948599100112915	0.7350757718086243	1.0	0	0.0	0	0.0	0	0.9528869986534119	-0.19719146192073822	-0.23048217594623566	-0.24095354974269867	-0.9536465406417847	-0.18027661740779877	-0.18424952030181885	0.22731874883174896	-0.9562313556671143
0.00010147363354917616	6.423519134521484	1.300467610359192	0.0	0.0	1.0	0	0.0	0	0.0	0	0.0	0.0	0.0	1.0	0.0	0.0	0.0	0.0	0.0
0.3637291193008423	6.60808801651001	1.1297287940979004	0.0	0.0	1.0	0	0.0	0	0.0	0	0.0	0.0	0.0	1.0	0.0	0.0	0.0	0.0	0.0
0.4950791895389557	7.048961162567139	1.0981760025024414	0.0	0.0	1.0	0	0.0	0	0.0	0	0.0	0.0	0.0	1.0	0.0	0.0	0.0	0.0	0.0
0.8160530924797058	6.860252857208252	0.5786222219467163	0.0	0.0	1.0	0	0.0	0	0.0	0	0.0	0.0	0.0	1.0	0.0	0.0	0.0	0.0	0.0
0.8448758125305176	7.137912273406982	0.722948431968689	0.0	0.0	1.0	0	0.0	0	0.0	0	0.0	0.0	0.0	1.0	0.0	0.0	0.0	0.0	0.0
0.0001686993782641366	7.012654781341553	1.1958229541778564	0.0	0.0	1.0	0	0.0	0	0.0	0	0.0	0.0	0.0	1.0	0.0	0.0	0.0	0.0	0.0
0.48126938939094543	7.339820384979248	1.233431100845337	0.0	0.0	1.0	0	0.0	0	0.0	0	0.0	0.0	0.0	1.0	0.0	0.0	0.0	0.0	0.0
0.8247143030166626	7.396276950836182	0.8800860047340393	0.0	0.0	1.0	0	0.0	0	0.0	0	0.0	0.0	0.0	1.0	0.0	0.0	0.0	0.0	0.0
1.3099470138549805	3.7235381603240967	-0.37896859645843506	0.31190142035484314	0.20418867468833923	0.5	2	0.5	0	0.0	0	-0.03607599064707756	0.3036012649536133	-0.9521159529685974	0.9993144869804382	0.003032186534255743	-0.036897484213113785	-0.0083151301369071	-0.9527943730354309	-0.30350252985954285
1.2869846820831299	2.6207895278930664	-0.7297320365905762	0.31074032187461853	0.31258895993232727	1.0	0	0.0	0	0.0	0	-0.03607599064707756	0.3036012649536133	-0.9521159529685974	0.9993144273757935	0.0030321867670863867	-0.036897484213113785	-0.0083151301369071	-0.9527944326400757	-0.30350252985954285
0.0014535102527588606	2.234701156616211	-0.8041348457336426	0.1900816559791565	0.3501604199409485	1.0	0	0.0	0	0.0	0	-0.03607599064707756	0.3036012649536133	-0.9521159529685974	0.9993144869804382	0.0030321876984089613	-0.036897484213113785	-0.008315129205584526	-0.9527943730354309	-0.30350252985954285
0.9819464683532715	3.442373514175415	0.754166841506958	0.8295400738716125	0.2879299819469452	1.0	0	0.0	0	0.0	0	0.8419324159622192	-0.2244204431772232	0.49069884419441223	-0.33371615409851074	0.4980458915233612	0.8003649115562439	-0.4240087866783142	-0.8376072645187378	0.34442824125289917
0.7081732749938965	2.2586121559143066	0.6825103759765625	0.8197290897369385	0.38521865010261536	1.0	0	0.0	0	0.0	0	0.8419324159622192	-0.2244204431772232	0.49069884419441223	-0.33371612429618835	0.4980458915233612	0.8003648519515991	-0.4240087866783142	-0.837607204914093	0.34442824125289917
0.7725883722305298	2.2815279960632324	0.5824686288833618	0.8119117617607117	0.3779449462890625	1.0	0	0.0	0	0.0	0	0.8419324159622192	-0.2244204431772232	0.49069884419441223	-0.33371612429618835	0.4980459213256836	0.8003649115562439	-0.4240087568759918	-0.8376071453094482	0.34442824125289917
0.4594641923904419	5.818358898162842	0.060137152671813965	0.23094403743743896	2.2236192307900637e-05	1.0	0	0.0	0	0.0	0	0.019196316599845886	-0.11839289218187332	-0.9927812814712524	0.9998084902763367	-0.0015248528216034174	0.019514037296175957	-0.0038241681177169085	-0.9929656386375427	0.11834093183279037
0.0008202366880141199	4.725225925445557	0.18162906169891357	0.18702884018421173	0.10384274274110794	1.0	0	0.0	0	0.0	0	0.019196316599845886	-0.11839289218187332	-0.9927812814712524	0.9998084902763367	-0.0015248529380187392	0.019514037296175957	-0.003824168350547552	-0.9929656386375427	0.11834093183279037
0.0009040530421771109	5.8192925453186035	0.05115914344787598	0.18788035213947296	0.0	1.0	0	0.0	0	0.0	0	0.019196316599845886	-0.11839289218187332	-0.9927812814712524	0.9998084306716919	-0.001524852472357452	0.019514037296175957	-0.003824168350547552	-0.9929656982421875	0.11834093928337097
1.1533654928207397	3.557036876678467	0.4015617370605469	0.8007104396820068	0.26372620463371277	0.5	2	0.5	0	0.0	0	0.9110799431800842	-0.21924889087677002	0.34908920526504517	-0.2358652800321579	0.4172617793083191	0.8776447772979736	-0.3380841910839081	-0.8819425702095032	0.3284456133842468
0.9545946717262268	2.376382350921631	0.17880749702453613	0.7786821126937866	0.35364922881126404	1.0	0	0.0	0	0.0	0	0.9110799431800842	-0.21924889087677002	0.34908920526504517	-0.2358652651309967	0.4172617793083191	0.8776447176933289	-0.33808422088623047	-0.8819425106048584	0.3284456431865692
1.0721015930175781	2.4479470252990723	-0.0829242467880249	0.7571027278900146	0.33725008368492126	1.0	0	0.0	0	0.0	0	0.9110799431800842	-0.21924889087677002	0.34908920526504517	-0.2358652800321579	0.4172617495059967	0.8776447176933289	-0.33808422088623047	-0.8819425106048584	0.3284456133842468
1.2552295923233032	3.6367971897125244	0.036326050758361816	0.9197386503219604	0.6367821097373962	0.5	2	0.5	0	0.0	0	0.9754412770271301	-0.09413371980190277	0.1991311013698578	0.21879710257053375	0.5181270837783813	-0.8268446922302246	-0.025341246277093887	0.8501076698303223	0.5259987115859985
1.2235418558120728	2.5312962532043457	-0.3310469388961792	0.921287477016449	0.5412049889564514	1.0	0	0.0	0	0.0	0	0.9754412770271301	-0.09413371980190277	0.1991311013698578	0.21879710257053375	0.5181270837783813	-0.8268446922302246	-0.025341246277093887	0.8501076698303223	0.5259987115859985
