6147	2049	10
0.9702858924865723	2.310372829437256	-0.3406859338283539	0.6955921649932861	0.9114630222320557	1.0	0	0.0	0	0.0	0	0.8177976012229919	-0.2026282697916031	-0.5386548638343811	0.4582120478153229	-0.33705243468284607	0.8224581480026245	-0.34820815920829773	-0.9194223284721375	-0.18279394507408142
0.9058293104171753	2.161935329437256	-0.3827069103717804	0.694585919380188	0.9394202828407288	1.0	0	0.0	0	0.0	0	0.8177976012229919	-0.2026282697916031	-0.5386548638343811	0.45821207761764526	-0.33705246448516846	0.8224581480026245	-0.3482081890106201	-0.9194223284721375	-0.18279395997524261
0.9003294706344604	2.310372829437256	-0.4468953013420105	0.6738335490226746	0.91880863904953	1.0	0	0.0	0	0.0	0	0.8177976012229919	-0.2026282697916031	-0.5386548638343811	0.45821207761764526	-0.3370524048805237	0.8224581480026245	-0.34820815920829773	-0.919422447681427	-0.18279391527175903
0.7470004558563232	2.161935329437256	0.6045991778373718	0.021412711590528488	0.9397560358047485	1.0	0	0.0	0	0.0	0	0.6076013445854187	-0.20262816548347473	0.7679599523544312	0.5140450596809387	0.8374085426330566	-0.18575434386730194	-0.605457067489624	0.5076305866241455	0.6129705309867859
0.8213838338851929	2.310372829437256	0.5849134922027588	0.04882191866636276	0.9429465532302856	1.0	0	0.0	0	0.0	0	0.6076013445854187	-0.20262816548347473	0.7679599523544312	0.5140450596809387	0.8374084830284119	-0.18575435876846313	-0.605457067489624	0.5076306462287903	0.6129705309867859
0.7216470241546631	2.310372829437256	0.6638241410255432	0.03458376228809357	0.9619609713554382	1.0	0	0.0	0	0.0	0	0.6076013445854187	-0.20262816548347473	0.7679599523544312	0.514045000076294	0.8374085426330566	-0.18575432896614075	-0.6054571270942688	0.5076305866241455	0.6129705905914307
0.9003294706344604	2.310372829437256	-0.4468953013420105	0.6738335490226746	0.91880863904953	1.0	0	0.0	0	0.0	0	0.5978047847747803	-0.3051415979862213	-0.7412949204444885	0.6978358626365662	-0.2570188641548157	0.6685554385185242	-0.39453086256980896	-0.9169678092002869	0.059291645884513855
0.8052878379821777	2.122872829437256	-0.4463587999343872	0.6803315877914429	0.9499787092208862	1.0	0	0.0	0	0.0	0	0.5978047847747803	-0.3051415979862213	-0.7412949204444885	0.6978358626365662	-0.25701889395713806	0.668555498123169	-0.39453086256980896	-0.9169678092002869	0.05929161608219147
0.8022698163986206	2.310372829437256	-0.5259738564491272	0.6546129584312439	0.9238680601119995	1.0	0	0.0	0	0.0	0	0.5978047847747803	-0.3051415979862213	-0.7412949204444885	0.6978358626365662	-0.2570188343524933	0.6685554385185242	-0.3945308327674866	-0.9169677495956421	0.05929165333509445
0.6315687894821167	2.122872829437256	0.6335071921348572	6.689082709954164e-08	0.9489593505859375	1.0	0	0.0	0	0.0	0	0.3351535499095917	-0.3051413595676422	0.8913814425468445	0.7187420129776001	0.6945172548294067	-0.032492272555828094	-0.6091650128364563	0.6515631675720215	0.4520878195762634
0.7216470241546631	2.310372829437256	0.6638241410255432	0.03458376228809357	0.9619609713554382	1.0	0	0.0	0	0.0	0	0.3351535499095917	-0.3051413595676422	0.8913814425468445	0.7187420129776001	0.6945172548294067	-0.032492272555828094	-0.6091650128364563	0.6515631675720215	0.4520878195762634
0.6037336587905884	2.310372829437256	0.7081587910652161	0.017266573384404182	0.976707398891449	1.0	0	0.0	0	0.0	0	0.3351535499095917	-0.3051413595676422	0.8913814425468445	0.7187419533729553	0.6945172548294067	-0.032492250204086304	-0.6091650724411011	0.6515631079673767	0.4520878493785858
0.9058293104171753	2.161935329437256	-0.3827069103717804	0.9387723207473755	0.6546116471290588	1.0	0	0.0	0	0.0	0	0.515975296497345	-0.7905450463294983	-0.3298605978488922	-0.8367375731468201	-0.38269034028053284	-0.39168664813041687	0.18341147899627686	0.47810739278793335	-0.8589375019073486
0.812833309173584	2.044747829437256	-0.24732135236263275	0.9564454555511475	0.6213242411613464	1.0	0	0.0	0	0.0	0	0.515975296497345	-0.7905450463294983	-0.3298605978488922	-0.8367375731468201	-0.38269031047821045	-0.3916866183280945	0.18341146409511566	0.47810739278793335	-0.8589375019073486
0.8052878379821777	2.122872829437256	-0.4463587999343872	0.9564454555511475	0.6576976776123047	1.0	0	0.0	0	0.0	0	0.515975296497345	-0.7905450463294983	-0.3298605978488922	-0.8367375731468201	-0.38269028067588806	-0.3916865885257721	0.18341144919395447	0.47810736298561096	-0.8589375019073486
0.701156735420227	2.044747829437256	0.4468782842159271	0.0	0.909022867679596	1.0	0	0.0	0	0.0	0	0.3864898681640625	-0.7905452847480774	0.475041002035141	0.8607407212257385	0.4941817820072174	0.12210629135370255	-0.33128711581230164	0.36169421672821045	0.871450662612915
0.7470004558563232	2.161935329437256	0.6045991778373718	0.021412711590528488	0.9397560358047485	1.0	0	0.0	0	0.0	0	0.3864898681640625	-0.7905452847480774	0.475041002035141	0.8607406616210938	0.49418169260025024	0.12210626155138016	-0.33128708600997925	0.36169424653053284	0.871450662612915
0.6315687894821167	2.122872829437256	0.6335071921348572	6.689082709954164e-08	0.9489593505859375	1.0	0	0.0	0	0.0	0	0.3864898681640625	-0.7905452847480774	0.475041002035141	0.8607406616210938	0.49418172240257263	0.12210626155138016	-0.33128708600997925	0.36169424653053284	0.871450662612915
0.9730358123779297	2.232247829437256	-0.3085917830467224	0.7062320113182068	0.9224366545677185	1.0	0	0.0	0	0.0	0	0.8183956146240234	-0.5163148045539856	-0.25228482484817505	0.029731659218668938	-0.40038785338401794	0.9158633947372437	-0.5738856196403503	-0.7570394277572632	-0.31232473254203796
0.9131065607070923	2.099435329437256	-0.2311902940273285	0.7237667441368103	0.9388021230697632	1.0	0	0.0	0	0.0	0	0.8183956146240234	-0.5163148045539856	-0.25228482484817505	0.02973165549337864	-0.40038782358169556	0.9158633351325989	-0.5738855600357056	-0.7570393681526184	-0.31232473254203796
0.9058293104171753	2.161935329437256	-0.3827069103717804	0.694585919380188	0.9394202828407288	1.0	0	0.0	0	0.0	0	0.8183956146240234	-0.5163148045539856	-0.25228482484817505	0.02973165549337864	-0.40038782358169556	0.9158633351325989	-0.5738855600357056	-0.7570393681526184	-0.31232473254203796
0.8014299869537354	2.099435329437256	0.4630093276500702	0.02130211889743805	0.9091067314147949	1.0	0	0.0	0	0.0	0	0.6979822516441345	-0.5163147449493408	0.49622565507888794	0.6367024779319763	0.764594554901123	-0.10002630949020386	-0.3277663290500641	0.3857646584510803	0.8624122142791748
0.834060549736023	2.232247829437256	0.5553010106086731	0.041804805397987366	0.9315497279167175	1.0	0	0.0	0	0.0	0	0.6979822516441345	-0.5163147449493408	0.49622565507888794	0.6367024183273315	0.7645944952964783	-0.10002628713846207	-0.3277663588523865	0.3857646584510803	0.8624122142791748
0.7470004558563232	2.161935329437256	0.6045991778373718	0.021412711590528488	0.9397560358047485	1.0	0	0.0	0	0.0	0	0.6979822516441345	-0.5163147449493408	0.49622565507888794	0.6367024183273315	0.7645944952964783	-0.10002627223730087	-0.3277663588523865	0.38576462864875793	0.8624122142791748
0.9748132228851318	2.200997829437256	-0.22126348316669464	0.2432960718870163	0.9324802756309509	1.0	0	0.0	0	0.0	0	0.8241001963615417	-0.5221612453460693	0.21955989301204681	0.5480891466140747	0.6371854543685913	-0.5418421626091003	0.1430286169052124	0.5668706893920898	0.8112956285476685
0.912670373916626	2.161935329437256	-0.08091448247432709	0.2218921184539795	0.9478561878204346	1.0	0	0.0	0	0.0	0	0.8241001963615417	-0.5221612453460693	0.21955989301204681	0.5480891466140747	0.6371855139732361	-0.5418422222137451	0.1430286169052124	0.5668706297874451	0.8112956285476685
0.9131065607070923	2.099435329437256	-0.2311902940273285	0.22715842723846436	0.918660044670105	1.0	0	0.0	0	0.0	0	0.8241001963615417	-0.5221612453460693	0.21955989301204681	0.5480891466140747	0.6371855139732361	-0.5418422222137451	0.1430286020040512	0.5668706297874451	0.8112955093383789
0.8481462001800537	2.161935329437256	0.32017865777015686	0.033830925822257996	0.8881867527961731	1.0	0	0.0	0	0.0	0	0.851381242275238	-0.5221612453460693	0.04997684806585312	0.5218943357467651	0.8336510062217712	-0.18069937825202942	0.05269096791744232	0.17992669343948364	0.9822677969932556
0.8631366491317749	2.200997829437256	0.47293615341186523	0.04191535338759422	0.9142752885818481	1.0	0	0.0	0	0.0	0	0.851381242275238	-0.5221612453460693	0.04997684806585312	0.5218943357467651	0.8336510062217712	-0.18069936335086823	0.052690960466861725	0.17992667853832245	0.9822677969932556
0.8014299869537354	2.099435329437256	0.4630093276500702	0.02130211889743805	0.9091067314147949	1.0	0	0.0	0	0.0	0	0.851381242275238	-0.5221612453460693	0.04997684806585312	0.5218943357467651	0.8336510062217712	-0.18069937825202942	0.05269096791744232	0.17992669343948364	0.9822677969932556
0.9131065607070923	2.099435329437256	-0.2311902940273285	0.22715842723846436	0.918660044670105	1.0	0	0.0	0	0.0	0	0.40886881947517395	-0.8486652374267578	0.335549920797348	0.8998523354530334	0.31369298696517944	-0.30308815836906433	0.15196071565151215	0.4258686900138855	0.8919326663017273
0.8126653432846069	2.122872829437256	-0.049524713307619095	0.20099849998950958	0.947031557559967	1.0	0	0.0	0	0.0	0	0.40886881947517395	-0.8486652374267578	0.335549920797348	0.8998523354530334	0.31369298696517944	-0.30308815836906433	0.15196071565151215	0.4258686900138855	0.8919326663017273
0.812833309173584	2.044747829437256	-0.24732135236263275	0.2081335186958313	0.9090825915336609	1.0	0	0.0	0	0.0	0	0.40886881947517395	-0.8486652374267578	0.335549920797348	0.8998523354530334	0.31369298696517944	-0.30308815836906433	0.15196071565151215	0.4258686900138855	0.8919326663017273
0.7630313634872437	2.122872829437256	0.2590084671974182	0.016092728823423386	0.8811703324317932	1.0	0	0.0	0	0.0	0	0.4934770166873932	-0.8486652374267578	-0.1903885453939438	0.8694323897361755	0.4753316044807434	0.1347113698720932	-0.023827165365219116	-0.23200693726539612	0.9724222421646118
0.8014299869537354	2.099435329437256	0.4630093276500702	0.02130211889743805	0.9091067314147949	1.0	0	0.0	0	0.0	0	0.4934770166873932	-0.8486652374267578	-0.1903885453939438	0.8694324493408203	0.4753316342830658	0.1347113996744156	-0.02382718399167061	-0.23200693726539612	0.9724222421646118
0.701156735420227	2.044747829437256	0.4468782842159271	0.0	0.909022867679596	1.0	0	0.0	0	0.0	0	0.4934770166873932	-0.8486652374267578	-0.1903885453939438	0.8694323897361755	0.4753316044807434	0.1347113847732544	-0.023827172815799713	-0.23200693726539612	0.9724222421646118
0.9027435779571533	2.310372829437256	-0.019207853823900223	0.22613927721977234	0.9740931987762451	1.0	0	0.0	0	0.0	0	0.3974975645542145	-0.32944005727767944	0.8564256429672241	0.9024211764335632	0.30942580103874207	-0.29981935024261475	-0.16622771322727203	0.8920342326164246	0.4202897548675537
0.8126653432846069	2.122872829437256	-0.049524713307619095	0.20099849998950958	0.947031557559967	1.0	0	0.0	0	0.0	0	0.3974975645542145	-0.32944005727767944	0.8564256429672241	0.9024211764335632	0.30942580103874207	-0.29981935024261475	-0.16622771322727203	0.8920342326164246	0.4202897548675537
0.912670373916626	2.161935329437256	-0.08091448247432709	0.2218921184539795	0.9478561878204346	1.0	0	0.0	0	0.0	0	0.3974975645542145	-0.32944005727767944	0.8564256429672241	0.902421236038208	0.30942580103874207	-0.29981938004493713	-0.16622768342494965	0.8920341730117798	0.42028969526290894
0.8580729961395264	2.310372829437256	0.2584720253944397	0.8048186898231506	0.9465028643608093	1.0	0	0.0	0	0.0	0	0.6669210195541382	-0.339951753616333	-0.6630604863166809	0.6304951310157776	-0.2167770266532898	0.7453078031539917	-0.39710497856140137	-0.9151178598403931	0.06976477056741714
0.7630313634872437	2.122872829437256	0.2590084671974182	0.8089640140533447	0.9780715703964233	1.0	0	0.0	0	0.0	0	0.6669210195541382	-0.339951753616333	-0.6630604863166809	0.6304950714111328	-0.2167770266532898	0.7453077435493469	-0.39710497856140137	-0.9151178598403931	0.06976475566625595
0.7831531763076782	2.310372829437256	0.18311600387096405	0.7873942852020264	0.9501961469650269	1.0	0	0.0	0	0.0	0	0.6669210195541382	-0.339951753616333	-0.6630604863166809	0.6304950714111328	-0.2167769968509674	0.7453078031539917	-0.39710497856140137	-0.9151178002357483	0.06976476311683655
0.9778313636779785	2.232247829437256	-0.14164848625659943	0.2409176528453827	0.947758138179779	1.0	0	0.0	0	0.0	0	0.7741532921791077	-0.19814608991146088	0.6011861562728882	0.5728524327278137	0.6233727931976318	-0.5322089791297913	-0.2693080008029938	0.7564023733139038	0.5960946083068848
0.9027435779571533	2.310372829437256	-0.019207853823900223	0.22613927721977234	0.9740931987762451	1.0	0	0.0	0	0.0	0	0.7741532921791077	-0.19814608991146088	0.6011861562728882	0.5728524327278137	0.6233727931976318	-0.5322089791297913	-0.2693080008029938	0.7564023733139038	0.5960946083068848
0.912670373916626	2.161935329437256	-0.08091448247432709	0.2218921184539795	0.9478561878204346	1.0	0	0.0	0	0.0	0	0.7741532921791077	-0.19814608991146088	0.6011861562728882	0.5728524327278137	0.6233727931976318	-0.5322090983390808	-0.2693079710006714	0.7564024329185486	0.59609454870224
0.8580729961395264	2.310372829437256	0.2584720253944397	0.8048186898231506	0.9465028643608093	1.0	0	0.0	0	0.0	0	0.9236423969268799	-0.198145791888237	-0.3280596435070038	0.2594166696071625	-0.3068566620349884	0.9157193899154663	-0.2821132242679596	-0.9309013485908508	-0.23202349245548248
0.8909717798233032	2.232247829437256	0.39828455448150635	0.8345250487327576	0.9519001841545105	1.0	0	0.0	0	0.0	0	0.9236423969268799	-0.198145791888237	-0.3280596435070038	0.2594166696071625	-0.3068566620349884	0.9157193899154663	-0.2821132242679596	-0.9309013485908508	-0.23202349245548248
0.8481462001800537	2.161935329437256	0.32017865777015686	0.8225550055503845	0.9685518741607666	1.0	0	0.0	0	0.0	0	0.9236423969268799	-0.198145791888237	-0.3280596435070038	0.25941669940948486	-0.3068566620349884	0.9157194495201111	-0.2821132242679596	-0.930901288986206	-0.2320234626531601
0.9728679656982422	2.310372829437256	-0.11079517006874084	0.2477913200855255	0.9646306037902832	1.0	0	0.0	0	0.0	0	0.7786315083503723	0.19575881958007812	0.5961639285087585	-0.601179838180542	0.5049214959144592	0.6193845272064209	-0.1797659993171692	-0.8406740427017212	0.5108340382575989
0.912670373916626	2.458810329437256	-0.08091448247432709	0.26020875573158264	0.946606457233429	1.0	0	0.0	0	0.0	0	0.7786315083503723	0.19575881958007812	0.5961639285087585	-0.601179838180542	0.5049214959144592	0.6193845272064209	-0.1797659993171692	-0.8406740427017212	0.5108340382575989
0.9027435779571533	2.310372829437256	-0.019207853823900223	0.26140880584716797	0.9754762649536133	1.0	0	0.0	0	0.0	0	0.7786315083503723	0.19575881958007812	0.5961639285087585	-0.6011797785758972	0.5049214959144592	0.6193844676017761	-0.17976601421833038	-0.8406740427017212	0.5108340978622437
0.8481462001800537	2.458810329437256	0.32017865777015686	0.8063758015632629	0.9164374470710754	1.0	0	0.0	0	0.0	0	0.9263195991516113	0.19575852155685425	-0.321886271238327	0.3679927885532379	-0.2871217131614685	0.8843881487846375	0.08070597052574158	-0.9376779198646545	-0.3380042016506195
0.8959351778030396	2.310372829437256	0.36743125319480896	0.8254440426826477	0.9401899576187134	1.0	0	0.0	0	0.0	0	0.9263195991516113	0.19575852155685425	-0.321886271238327	0.3679928183555603	-0.2871216833591461	0.8843882083892822	0.08070598542690277	-0.9376778602600098	-0.33800414204597473
0.8580729961395264	2.310372829437256	0.2584720253944397	0.8048186898231506	0.9465028643608093	1.0	0	0.0	0	0.0	0	0.9263195991516113	0.19575852155685425	-0.321886271238327	0.3679927885532379	-0.2871217131614685	0.8843881487846375	0.08070597052574158	-0.9376779198646545	-0.3380042016506195
0.912670373916626	2.458810329437256	-0.08091448247432709	0.26020875573158264	0.946606457233429	1.0	0	0.0	0	0.0	0	0.42811471223831177	0.3223443031311035	0.8442819118499756	-0.8941141963005066	0.28695836663246155	0.3438236117362976	-0.13144420087337494	-0.9020804762840271	0.4110637903213501
0.8079701662063599	2.310372829437256	0.02884942665696144	0.27938637137413025	0.9812677502632141	1.0	0	0.0	0	0.0	0	0.42811471223831177	0.3223443031311035	0.8442819118499756	-0.8941142559051514	0.28695836663246155	0.3438236117362976	-0.13144418597221375	-0.9020804166793823	0.4110637307167053
0.9027435779571533	2.310372829437256	-0.019207853823900223	0.26140880584716797	0.9754762649536133	1.0	0	0.0	0	0.0	0	0.42811471223831177	0.3223443031311035	0.8442819118499756	-0.8941141963005066	0.28695836663246155	0.3438236117362976	-0.13144420087337494	-0.9020804762840271	0.4110637903213501
0.8481462001800537	2.458810329437256	0.32017865777015686	0.8063758015632629	0.9164374470710754	1.0	0	0.0	0	0.0	0	0.6638908386230469	0.32929274439811707	-0.6714277863502502	0.7415048480033875	-0.1733374297618866	0.6481702923774719	0.09705421328544617	-0.9281812906265259	-0.3592492938041687
0.7831531763076782	2.310372829437256	0.18311600387096405	0.7873942852020264	0.9501961469650269	1.0	0	0.0	0	0.0	0	0.6638908386230469	0.32929274439811707	-0.6714277863502502	0.7415048480033875	-0.1733374446630478	0.6481702923774719	0.09705420583486557	-0.9281812906265259	-0.3592492938041687
0.7630313634872437	2.505685329437256	0.2590084671974182	0.7881013751029968	0.9108715653419495	1.0	0	0.0	0	0.0	0	0.6638908386230469	0.32929274439811707	-0.6714277863502502	0.7415048480033875	-0.1733374297618866	0.6481702923774719	0.09705421328544617	-0.9281812906265259	-0.3592492938041687
0.9131065607070923	2.521310329437256	-0.2311902940273285	0.25970274209976196	0.9199036955833435	1.0	0	0.0	0	0.0	0	0.48425817489624023	0.8073431849479675	0.3371811807155609	-0.8479598164558411	0.3381396532058716	0.40819817781448364	0.21554166078567505	-0.48358941078186035	0.8483414649963379
0.8126653432846069	2.505685329437256	-0.049524713307619095	0.27938634157180786	0.9436256885528564	1.0	0	0.0	0	0.0	0	0.48425817489624023	0.8073431849479675	0.3371811807155609	-0.8479598760604858	0.3381396532058716	0.4081982374191284	0.21554169058799744	-0.48358941078186035	0.8483414649963379
0.912670373916626	2.458810329437256	-0.08091448247432709	0.26020875573158264	0.946606457233429	1.0	0	0.0	0	0.0	0	0.48425817489624023	0.8073431849479675	0.3371811807155609	-0.8479598164558411	0.3381396532058716	0.40819817781448364	0.21554166078567505	-0.48358941078186035	0.8483414649963379
0.8014299869537354	2.521310329437256	0.4630093276500702	0.8237593173980713	0.8958607912063599	1.0	0	0.0	0	0.0	0	0.5406885743141174	0.8248916864395142	-0.16495336592197418	0.5883792042732239	-0.2306903600692749	0.7749786376953125	0.6012203097343445	-0.5160772204399109	-0.6100807785987854
0.7630313634872437	2.505685329437256	0.2590084671974182	0.7881013751029968	0.9108715653419495	1.0	0	0.0	0	0.0	0	0.5406885743141174	0.8248916864395142	-0.16495336592197418	0.5883792042732239	-0.2306903600692749	0.7749786376953125	0.6012203097343445	-0.5160772204399109	-0.6100807785987854
0.701156735420227	2.583810329437256	0.4468782842159271	0.8111612796783447	0.8845171332359314	1.0	0	0.0	0	0.0	0	0.5406885743141174	0.8248916864395142	-0.16495336592197418	0.5883792042732239	-0.2306903600692749	0.7749786376953125	0.6012203097343445	-0.5160772204399109	-0.6100807785987854
0.9748132228851318	2.427560329437256	-0.22126348316669464	0.7072784304618835	0.8825066685676575	1.0	0	0.0	0	0.0	0	0.7708743214607239	0.6023443341255188	0.20720535516738892	0.06516797840595245	-0.3981592357158661	0.9149986505508423	0.6336449384689331	-0.6918457746505737	-0.34618428349494934
0.912670373916626	2.458810329437256	-0.08091448247432709	0.7237667441368103	0.866078794002533	1.0	0	0.0	0	0.0	0	0.7708743214607239	0.6023443341255188	0.20720535516738892	0.06516797095537186	-0.3981591463088989	0.9149985313415527	0.6336448788642883	-0.6918457746505737	-0.34618425369262695
0.9778313636779785	2.396310329437256	-0.14164848625659943	0.7224513292312622	0.8819026947021484	1.0	0	0.0	0	0.0	0	0.7708743214607239	0.6023443341255188	0.20720535516738892	0.06516799330711365	-0.3981592357158661	0.9149985909461975	0.6336448788642883	-0.6918457746505737	-0.34618428349494934
0.8631366491317749	2.427560329437256	0.47293615341186523	0.8345250487327576	0.9125468730926514	1.0	0	0.0	0	0.0	0	0.833378255367279	0.551827073097229	0.031107354909181595	0.1764175444841385	-0.31892284750938416	0.9312170743942261	0.5237915515899658	-0.7705680727958679	-0.36313530802726746
0.8481462001800537	2.458810329437256	0.32017865777015686	0.8063758015632629	0.9164374470710754	1.0	0	0.0	0	0.0	0	0.833378255367279	0.551827073097229	0.031107354909181595	0.1764175295829773	-0.31892281770706177	0.9312170743942261	0.5237915515899658	-0.7705680727958679	-0.36313527822494507
0.8014299869537354	2.521310329437256	0.4630093276500702	0.8237593173980713	0.8958607912063599	1.0	0	0.0	0	0.0	0	0.833378255367279	0.551827073097229	0.031107354909181595	0.1764175146818161	-0.3189227879047394	0.9312169551849365	0.5237915515899658	-0.7705680727958679	-0.36313527822494507
0.9730358123779297	2.396310329437256	-0.3085917830467224	0.6951589584350586	0.8943862318992615	1.0	0	0.0	0	0.0	0	0.8275113105773926	0.5230687260627747	-0.20402005314826965	0.42455825209617615	-0.3451918661594391	0.8370143175125122	0.3673899471759796	-0.77925705909729	-0.5077232718467712
0.9131065607070923	2.521310329437256	-0.2311902940273285	0.695293128490448	0.8666726350784302	1.0	0	0.0	0	0.0	0	0.8275113105773926	0.5230687260627747	-0.20402005314826965	0.42455822229385376	-0.3451918363571167	0.8370141983032227	0.3673899471759796	-0.7792571187019348	-0.5077232718467712
0.9748132228851318	2.427560329437256	-0.22126348316669464	0.7072784304618835	0.8825066685676575	1.0	0	0.0	0	0.0	0	0.8275113105773926	0.5230687260627747	-0.20402005314826965	0.42455828189849854	-0.3451918661594391	0.8370142579078674	0.3673899173736572	-0.7792571783065796	-0.507723331451416
0.834060549736023	2.396310329437256	0.5553010106086731	0.9012752175331116	0.15357312560081482	1.0	0	0.0	0	0.0	0	0.673775851726532	0.5446200966835022	0.49941474199295044	0.7386267781257629	-0.5159306526184082	-0.4338732361793518	0.021367281675338745	0.6612144112586975	-0.7498925924301147
0.8014299869537354	2.521310329437256	0.4630093276500702	0.8903430700302124	0.18115253746509552	1.0	0	0.0	0	0.0	0	0.673775851726532	0.5446200966835022	0.49941474199295044	0.7386267781257629	-0.5159306526184082	-0.4338732957839966	0.021367257460951805	0.6612145304679871	-0.7498926520347595
0.7470004558563232	2.458810329437256	0.6045991778373718	0.8840194940567017	0.1540287584066391	1.0	0	0.0	0	0.0	0	0.673775851726532	0.5446200966835022	0.49941474199295044	0.7386267781257629	-0.5159306526184082	-0.4338732361793518	0.021367281675338745	0.6612144112586975	-0.7498925924301147
0.9058293104171753	2.458810329437256	-0.3827069103717804	0.6745489239692688	0.8886624574661255	1.0	0	0.0	0	0.0	0	0.535926103591919	0.7710883021354675	-0.3438110649585724	0.7423481345176697	-0.23642325401306152	0.6269156336784363	0.402122437953949	-0.5912079811096191	-0.6991214156150818
0.812833309173584	2.583810329437256	-0.24732135236263275	0.6818808913230896	0.8563032746315002	1.0	0	0.0	0	0.0	0	0.535926103591919	0.7710883021354675	-0.3438110649585724	0.7423481345176697	-0.23642326891422272	0.626915693283081	0.4021224081516266	-0.5912079811096191	-0.699121356010437
0.9131065607070923	2.521310329437256	-0.2311902940273285	0.695293128490448	0.8666726350784302	1.0	0	0.0	0	0.0	0	0.535926103591919	0.7710883021354675	-0.3438110649585724	0.7423481345176697	-0.23642319440841675	0.626915693283081	0.40212249755859375	-0.5912080407142639	-0.699121356010437
0.7470004558563232	2.458810329437256	0.6045991778373718	0.8840194940567017	0.1540287584066391	1.0	0	0.0	0	0.0	0	0.4305873513221741	0.764073371887207	0.4804021716117859	0.9024240970611572	-0.3733260929584503	-0.21507787704467773	0.01501140184700489	0.5261363387107849	-0.8502678275108337
0.701156735420227	2.583810329437256	0.4468782842159271	0.8698025345802307	0.18881720304489136	1.0	0	0.0	0	0.0	0	0.4305873513221741	0.764073371887207	0.4804021716117859	0.9024240970611572	-0.3733260929584503	-0.21507784724235535	0.015011416748166084	0.5261363387107849	-0.8502678275108337
0.6315687894821167	2.505685329437256	0.6335071921348572	0.8617377281188965	0.15374062955379486	1.0	0	0.0	0	0.0	0	0.4305873513221741	0.764073371887207	0.4804021716117859	0.9024240970611572	-0.37332606315612793	-0.21507783234119415	0.015011413022875786	0.5261362791061401	-0.8502677083015442
0.9003294706344604	2.310372829437256	-0.4468953013420105	0.6738335490226746	0.91880863904953	1.0	0	0.0	0	0.0	0	0.6057416200637817	0.2967897057533264	-0.7382363677024841	0.7955171465873718	-0.20824077725410461	0.5690239071846008	0.015149518847465515	-0.931961178779602	-0.36224138736724854
0.8052878379821777	2.505685329437256	-0.4463587999343872	0.6544944643974304	0.8845277428627014	1.0	0	0.0	0	0.0	0	0.6057416200637817	0.2967897057533264	-0.7382363677024841	0.7955172061920166	-0.2082407921552658	0.5690239071846008	0.015149503946304321	-0.931961178779602	-0.3622414469718933
0.9058293104171753	2.458810329437256	-0.3827069103717804	0.6745489239692688	0.8886624574661255	1.0	0	0.0	0	0.0	0	0.6057416200637817	0.2967897057533264	-0.7382363677024841	0.7955172657966614	-0.208240807056427	0.5690239071846008	0.01514950580894947	-0.9319612383842468	-0.3622414171695709
0.7216470241546631	2.310372829437256	0.6638241410255432	0.8845388293266296	0.12513992190361023	1.0	0	0.0	0	0.0	0	0.3363836109638214	0.29401081800460815	0.8946529030799866	0.9018538594245911	-0.37408000230789185	-0.2161567658185959	0.2711193263530731	0.8795576691627502	-0.3909890949726105
0.6315687894821167	2.505685329437256	0.6335071921348572	0.8617377281188965	0.15374062955379486	1.0	0	0.0	0	0.0	0	0.3363836109638214	0.29401081800460815	0.8946529030799866	0.9018538594245911	-0.37408000230789185	-0.2161567658185959	0.2711193263530731	0.8795576691627502	-0.3909890949726105
0.6037336587905884	2.310372829437256	0.7081587910652161	0.8633961081504822	0.11628364026546478	1.0	0	0.0	0	0.0	0	0.3363836109638214	0.29401081800460815	0.8946529030799866	0.9018538594245911	-0.37408000230789185	-0.2161567658185959	0.2711193263530731	0.8795576691627502	-0.3909890949726105
0.9702858924865723	2.310372829437256	-0.3406859338283539	0.6955921649932861	0.9114630222320557	1.0	0	0.0	0	0.0	0	0.8009834289550781	0.18679310381412506	-0.5688005685806274	0.597980260848999	-0.295755535364151	0.7449485659599304	-0.02907465770840645	-0.9368228912353516	-0.3485938012599945
0.9058293104171753	2.458810329437256	-0.3827069103717804	0.6745489239692688	0.8886624574661255	1.0	0	0.0	0	0.0	0	0.8009834289550781	0.18679310381412506	-0.5688005685806274	0.597980260848999	-0.2957555055618286	0.7449485659599304	-0.029074639081954956	-0.9368228912353516	-0.3485938012599945
0.9730358123779297	2.396310329437256	-0.3085917830467224	0.6951589584350586	0.8943862318992615	1.0	0	0.0	0	0.0	0	0.8009834289550781	0.18679310381412506	-0.5688005685806274	0.597980260848999	-0.295755535364151	0.7449485659599304	-0.02907465770840645	-0.9368228912353516	-0.3485938012599945
0.8213838338851929	2.310372829437256	0.5849134922027588	0.9018837809562683	0.13745541870594025	1.0	0	0.0	0	0.0	0	0.6076013445854187	0.20262818038463593	0.7679599523544312	0.7311778664588928	-0.5202926993370056	-0.4412192702293396	0.31016048789024353	0.8296008110046387	-0.46428781747817993
0.7470004558563232	2.458810329437256	0.6045991778373718	0.8840194940567017	0.1540287584066391	1.0	0	0.0	0	0.0	0	0.6076013445854187	0.20262818038463593	0.7679599523544312	0.7311779260635376	-0.5202926993370056	-0.4412192404270172	0.31016048789024353	0.8296006917953491	-0.46428775787353516
0.7216470241546631	2.310372829437256	0.6638241410255432	0.8845388293266296	0.12513992190361023	1.0	0	0.0	0	0.0	0	0.6076013445854187	0.20262818038463593	0.7679599523544312	0.7311779260635376	-0.5202926993370056	-0.441219300031662	0.31016048789024353	0.8296008110046387	-0.46428781747817993
0.9730358123779297	2.396310329437256	-0.3085917830467224	0.19755418598651886	0.5035326480865479	1.0	0	0.0	0	0.0	0	-0.2812398076057434	0.34362149238586426	-0.8960070013999939	-0.9571285843849182	-0.1679140329360962	0.23602916300296783	-0.06934745609760284	0.9239746928215027	0.3761140704154968
0.9869534969329834	2.310372829437256	-0.34591758251190186	0.19753217697143555	0.48889976739883423	1.0	0	0.0	0	0.0	0	-0.2812398076057434	0.34362149238586426	-0.8960070013999939	-0.9571285247802734	-0.167914018034935	0.23602913320064545	-0.06934744864702225	0.9239746332168579	0.37611401081085205
0.9702858924865723	2.310372829437256	-0.3406859338283539	0.2006678581237793	0.48938390612602234	1.0	0	0.0	0	0.0	0	-0.2812398076057434	0.34362149238586426	-0.8960070013999939	-0.957128643989563	-0.167914018034935	0.23602917790412903	-0.06934743374586105	0.9239746332168579	0.37611404061317444
0.834060549736023	2.396310329437256	0.5553010106086731	0.9012752175331116	0.15357312560081482	1.0	0	0.0	0	0.0	0	-0.6609336137771606	0.3058328926563263	0.6852977275848389	0.7496167421340942	0.3119334578514099	0.5837571024894714	-0.03523516654968262	0.8995352983474731	-0.43542471528053284
0.8355697393417358	2.310372829437256	0.5951085090637207	0.9046294093132019	0.1367117166519165	1.0	0	0.0	0	0.0	0	-0.6609336137771606	0.3058328926563263	0.6852977275848389	0.7496167421340942	0.3119334578514099	0.5837571024894714	-0.03523516654968262	0.8995352983474731	-0.43542471528053284
0.8482464551925659	2.404122829437256	0.565496027469635	0.9037882685661316	0.15394504368305206	1.0	0	0.0	0	0.0	0	-0.6609336137771606	0.3058328926563263	0.6852977275848389	0.7496167421340942	0.3119334280490875	0.5837570428848267	-0.03523516654968262	0.8995352983474731	-0.4354247450828552
0.9748132228851318	2.427560329437256	-0.22126348316669464	0.2006678581237793	0.5201859474182129	1.0	0	0.0	0	0.0	0	-0.4789524972438812	0.8295626640319824	-0.2871066629886627	-0.8554641008377075	-0.36769941449165344	0.36466217041015625	0.19694116711616516	0.4202653169631958	0.885771632194519
0.9897034168243408	2.404122829437256	-0.313823401927948	0.19400903582572937	0.5038868188858032	1.0	0	0.0	0	0.0	0	-0.4789524972438812	0.8295626640319824	-0.2871066629886627	-0.8554640412330627	-0.36769941449165344	0.36466217041015625	0.19694116711616516	0.4202652871608734	0.8857715725898743
0.9730358123779297	2.396310329437256	-0.3085917830467224	0.19755418598651886	0.5035326480865479	1.0	0	0.0	0	0.0	0	-0.4789524972438812	0.8295626640319824	-0.2871066629886627	-0.8554640412330627	-0.36769938468933105	0.36466217041015625	0.19694119691848755	0.4202653467655182	0.885771632194519
0.8631366491317749	2.427560329437256	0.47293615341186523	0.9829776287078857	0.49627578258514404	1.0	0	0.0	0	0.0	0	-0.5685282349586487	0.8146127462387085	0.11481206119060516	-0.8205344080924988	-0.5715420246124268	-0.007939289323985577	0.05915246158838272	-0.09872094541788101	0.9933555126190186
0.8482464551925659	2.404122829437256	0.565496027469635	0.9865357279777527	0.5103232860565186	1.0	0	0.0	0	0.0	0	-0.5685282349586487	0.8146127462387085	0.11481206119060516	-0.8205344080924988	-0.5715420246124268	-0.007939289323985577	0.05915246158838272	-0.09872094541788101	0.9933555126190186
0.8862766027450562	2.443185329437256	0.4766587018966675	0.9777379035949707	0.49680593609809875	1.0	0	0.0	0	0.0	0	-0.5685282349586487	0.8146127462387085	0.11481206119060516	-0.8205344080924988	-0.5715420246124268	-0.007939289323985577	0.05915246158838272	-0.09872094541788101	0.9933555126190186
0.9778313636779785	2.396310329437256	-0.14164848625659943	0.2472703903913498	0.9484883546829224	1.0	0	0.0	0	0.0	0	-0.5650081634521484	0.7605298757553101	0.3199376165866852	-0.7871479392051697	-0.38062581419944763	-0.48530614376068115	-0.24731332063674927	-0.526040256023407	0.8137062788009644
0.9979531764984131	2.443185329437256	-0.2175409346818924	0.24339993298053741	0.9327374696731567	1.0	0	0.0	0	0.0	0	-0.5650081634521484	0.7605298757553101	0.3199376165866852	-0.7871479392051697	-0.38062581419944763	-0.48530617356300354	-0.24731335043907166	-0.526040256023407	0.8137062788009644
0.9748132228851318	2.427560329437256	-0.22126348316669464	0.24759681522846222	0.934618353843689	1.0	0	0.0	0	0.0	0	-0.5650081634521484	0.7605298757553101	0.3199376165866852	-0.7871479392051697	-0.38062584400177	-0.48530617356300354	-0.24731332063674927	-0.5260401964187622	0.8137062191963196
0.8909717798233032	2.396310329437256	0.39828455448150635	0.9821826219558716	0.4803006052970886	1.0	0	0.0	0	0.0	0	-0.33748409152030945	0.7988204956054688	-0.4979863464832306	-0.8943310976028442	-0.43716591596603394	-0.0951724648475647	-0.29372838139533997	0.4132454991340637	0.8619465827941895
0.8862766027450562	2.443185329437256	0.4766587018966675	0.9777379035949707	0.49680593609809875	1.0	0	0.0	0	0.0	0	-0.33748409152030945	0.7988204956054688	-0.4979863464832306	-0.894331157207489	-0.4371659755706787	-0.09517248719930649	-0.29372841119766235	0.4132455289363861	0.8619465827941895
0.9153525829315186	2.404122829437256	0.39429378509521484	0.9775500893592834	0.4789225459098816	1.0	0	0.0	0	0.0	0	-0.33748409152030945	0.7988204956054688	-0.4979863464832306	-0.894331157207489	-0.4371659755706787	-0.0951724648475647	-0.29372838139533997	0.41324546933174133	0.8619465231895447
0.9728679656982422	2.310372829437256	-0.11079517006874084	0.2477913200855255	0.9646306037902832	1.0	0	0.0	0	0.0	0	-0.5251172184944153	0.3142696022987366	0.790877103805542	-0.8411865234375	-0.3326088488101959	-0.4263528287410736	0.1290629804134369	-0.8891602754592896	0.4390179514884949
0.9997304677963257	2.404122829437256	-0.13021261990070343	0.2432960718870163	0.9486510753631592	1.0	0	0.0	0	0.0	0	-0.5251172184944153	0.3142696022987366	0.790877103805542	-0.8411864638328552	-0.3326088488101959	-0.4263527989387512	0.12906301021575928	-0.8891602754592896	0.4390179514884949
0.9778313636779785	2.396310329437256	-0.14164848625659943	0.2472703903913498	0.9484883546829224	1.0	0	0.0	0	0.0	0	-0.5251172184944153	0.3142696022987366	0.790877103805542	-0.8411865234375	-0.3326088488101959	-0.4263528287410736	0.1290629804134369	-0.8891602754592896	0.4390179514884949
0.8959351778030396	2.310372829437256	0.36743125319480896	0.989672064781189	0.4685370922088623	1.0	0	0.0	0	0.0	0	-0.39258265495300293	0.32756078243255615	-0.8594083786010742	-0.7288782000541687	-0.6806850433349609	0.07351474463939667	-0.5609058737754822	0.655264675617218	0.5059770345687866
0.9153525829315186	2.404122829437256	0.39429378509521484	0.9775500893592834	0.4789225459098816	1.0	0	0.0	0	0.0	0	-0.39258265495300293	0.32756078243255615	-0.8594083786010742	-0.7288782000541687	-0.6806850433349609	0.07351474463939667	-0.5609058737754822	0.655264675617218	0.5059770345687866
0.921556830406189	2.310372829437256	0.3557271361351013	0.9856467843055725	0.46525079011917114	1.0	0	0.0	0	0.0	0	-0.39258265495300293	0.32756078243255615	-0.8594083786010742	-0.7288782000541687	-0.6806850433349609	0.07351474463939667	-0.5609058737754822	0.655264675617218	0.5059770345687866
0.9728679656982422	2.310372829437256	-0.11079517006874084	0.4546539783477783	0.9692462682723999	1.0	0	0.0	0	0.0	0	-0.6358562111854553	-0.3537498712539673	0.6859649419784546	-0.7490458488464355	0.4970977008342743	-0.43797752261161804	-0.18605709075927734	-0.7923098802566528	-0.5810574889183044
0.9997304677963257	2.224435329437256	-0.13021261990070343	0.4446144104003906	0.9829853177070618	1.0	0	0.0	0	0.0	0	-0.6358562111854553	-0.3537498712539673	0.6859649419784546	-0.7490458488464355	0.4970977008342743	-0.43797749280929565	-0.18605709075927734	-0.7923098206520081	-0.5810574889183044
0.9935262203216553	2.310372829437256	-0.0916459709405899	0.45085498690605164	0.9664807915687561	1.0	0	0.0	0	0.0	0	-0.6358562111854553	-0.3537498712539673	0.6859649419784546	-0.7490457892417908	0.4970977008342743	-0.43797749280929565	-0.18605710566043854	-0.7923098802566528	-0.5810575485229492
0.9153525829315186	2.224435329437256	0.39429378509521484	0.6455065608024597	0.7438958287239075	1.0	0	0.0	0	0.0	0	-0.38863953948020935	-0.3537498712539673	-0.8507764339447021	-0.862892210483551	0.46350225806236267	0.20145145058631897	0.3230733275413513	0.8124202489852905	-0.4853832721710205
0.8959351778030396	2.310372829437256	0.36743125319480896	0.6527868509292603	0.757707953453064	1.0	0	0.0	0	0.0	0	-0.38863953948020935	-0.3537498712539673	-0.8507764339447021	-0.862892210483551	0.46350225806236267	0.20145145058631897	0.3230733275413513	0.8124202489852905	-0.4853832721710205
0.921556830406189	2.310372829437256	0.3557271361351013	0.648315966129303	0.7602254748344421	1.0	0	0.0	0	0.0	0	-0.38863953948020935	-0.3537498712539673	-0.8507764339447021	-0.862892210483551	0.46350228786468506	0.20145145058631897	0.3230733275413513	0.8124202489852905	-0.4853832721710205
0.9778313636779785	2.232247829437256	-0.14164848625659943	0.4485125243663788	0.9837272763252258	1.0	0	0.0	0	0.0	0	-0.47663822770118713	-0.7988203167915344	0.3670177757740021	-0.8735122680664062	0.3833639323711395	-0.3000139594078064	0.09895588457584381	-0.4635927081108093	-0.880505383014679
0.9979531764984131	2.185372829437256	-0.2175409346818924	0.4506566524505615	0.9994220733642578	1.0	0	0.0	0	0.0	0	-0.47663822770118713	-0.7988203167915344	0.3670177757740021	-0.8735123872756958	0.3833639621734619	-0.3000139892101288	0.098955899477005	-0.4635927081108093	-0.880505383014679
0.9997304677963257	2.224435329437256	-0.13021261990070343	0.4446144104003906	0.9829853177070618	1.0	0	0.0	0	0.0	0	-0.47663822770118713	-0.7988203167915344	0.3670177757740021	-0.873512327671051	0.3833639323711395	-0.3000139594078064	0.09895586967468262	-0.46359267830848694	-0.8805053234100342
0.8862766027450562	2.185372829437256	0.4766587018966675	0.6479081511497498	0.7270591259002686	1.0	0	0.0	0	0.0	0	-0.33748409152030945	-0.798820436000824	-0.4979863464832306	-0.9335911273956299	0.3517380952835083	0.06846892088651657	0.12046639621257782	0.4880228042602539	-0.8644776344299316
0.8909717798233032	2.232247829437256	0.39828455448150635	0.6501813530921936	0.7434335947036743	1.0	0	0.0	0	0.0	0	-0.33748409152030945	-0.798820436000824	-0.4979863464832306	-0.9335911870002747	0.3517380952835083	0.06846891343593597	0.12046638876199722	0.4880227744579315	-0.8644776344299316
0.9153525829315186	2.224435329437256	0.39429378509521484	0.6455065608024597	0.7438958287239075	1.0	0	0.0	0	0.0	0	-0.33748409152030945	-0.798820436000824	-0.4979863464832306	-0.9335910677909851	0.3517380654811859	0.06846892088651657	0.12046638131141663	0.4880227744579315	-0.8644776344299316
0.9748132228851318	2.200997829437256	-0.22126348316669464	0.42662352323532104	0.4223018288612366	1.0	0	0.0	0	0.0	0	-0.5038362741470337	-0.8146127462387085	-0.2873241901397705	0.8264970779418945	-0.35793536901474	-0.43449366092681885	0.2511005699634552	-0.4563862681388855	0.8536158800125122
0.9897034168243408	2.224435329437256	-0.313823401927948	0.43091797828674316	0.40732094645500183	1.0	0	0.0	0	0.0	0	-0.5038362741470337	-0.8146127462387085	-0.2873241901397705	0.8264971375465393	-0.35793536901474	-0.43449369072914124	0.2511005699634552	-0.4563863277435303	0.8536158800125122
0.9979531764984131	2.185372829437256	-0.2175409346818924	0.43091797828674316	0.42511075735092163	1.0	0	0.0	0	0.0	0	-0.5038362741470337	-0.8146127462387085	-0.2873241901397705	0.8264971375465393	-0.35793536901474	-0.43449369072914124	0.2511005699634552	-0.4563863277435303	0.8536158800125122
0.8482464551925659	2.224435329437256	0.565496027469635	0.6455065608024597	0.7114558815956116	1.0	0	0.0	0	0.0	0	-0.5685282349586487	-0.8146127462387085	0.11481206119060516	-0.739579439163208	0.44498908519744873	-0.5049821734428406	0.3602747619152069	-0.3720092475414276	-0.8554597496986389
0.8631366491317749	2.200997829437256	0.47293615341186523	0.654247522354126	0.7254176735877991	1.0	0	0.0	0	0.0	0	-0.5685282349586487	-0.8146127462387085	0.11481206119060516	-0.739579439163208	0.44498905539512634	-0.5049821734428406	0.3602747917175293	-0.37200927734375	-0.8554596900939941
